0.00823302	-0.00077247	-8.83734e-05	-5.50366e-05	-6.10516e-05	-5.43702e-05	-0.00717377	
-0.00077247	0.00260532	-0.000327361	-0.000119144	-6.81013e-05	-6.88021e-05	-0.00122481	
-8.83734e-05	-0.000327361	0.00114087	-0.000278565	-7.71361e-05	-6.49463e-05	-0.000304612	
-5.50366e-05	-0.000119144	-0.000278565	0.00107117	-0.000309338	-0.000100862	-0.000187097	
-6.10516e-05	-6.81013e-05	-7.71361e-05	-0.000309338	0.000994007	-0.000314309	-0.000145342	
-5.43702e-05	-6.88021e-05	-6.49463e-05	-0.000100862	-0.000314309	0.000747701	-0.000117132	
-0.00717377	-0.00122481	-0.000304612	-0.000187097	-0.000145342	-0.000117132	0.00931563	
