0.00884144	-0.00077582	-6.91419e-05	-6.97927e-05	-2.23484e-05	-3.18754e-05	-0.00777984	
-0.00077582	0.00232221	-0.000310768	-8.70659e-05	-4.24061e-05	-8.82809e-05	-0.00100531	
-6.91419e-05	-0.000310768	0.00106473	-0.000250436	-9.9544e-05	-6.16922e-05	-0.000272624	
-6.97927e-05	-8.70659e-05	-0.000250436	0.00098328	-0.000257998	-0.000103421	-0.000211377	
-2.23484e-05	-4.24061e-05	-9.9544e-05	-0.000257998	0.000913961	-0.000277806	-0.000210609	
-3.18754e-05	-8.82809e-05	-6.16922e-05	-0.000103421	-0.000277806	0.000653114	-8.27833e-05	
-0.00777984	-0.00100531	-0.000272624	-0.000211377	-0.000210609	-8.27833e-05	0.00973325	
