0.00769075	-0.000751886	-6.66283e-05	-5.01874e-05	-2.15624e-05	1.4228e-05	-0.00680634	
-0.000751886	0.00244489	-0.00032294	-9.72356e-05	-7.3555e-05	-2.30785e-05	-0.00115913	
-6.66283e-05	-0.00032294	0.00103455	-0.000201862	-8.10272e-05	-7.22795e-05	-0.000284439	
-5.01874e-05	-9.72356e-05	-0.000201862	0.000846752	-0.000238671	-6.86889e-05	-0.000180855	
-2.15624e-05	-7.3555e-05	-8.10272e-05	-0.000238671	0.000855098	-0.000275947	-0.000163309	
1.4228e-05	-2.30785e-05	-7.22795e-05	-6.86889e-05	-0.000275947	0.000654412	-0.000205025	
-0.00680634	-0.00115913	-0.000284439	-0.000180855	-0.000163309	-0.000205025	0.00901078	
