0.00967715	-0.000962746	-0.000101263	-9.86656e-05	-6.26614e-05	-2.78306e-05	-0.0082942	
-0.000962746	0.00298223	-0.000423049	-7.22746e-05	-6.21292e-05	-0.000100801	-0.00132686	
-0.000101263	-0.000423049	0.00134731	-0.000297202	-0.000136509	-6.23816e-05	-0.000320723	
-9.86656e-05	-7.22746e-05	-0.000297202	0.00126113	-0.00032677	-0.000163285	-0.000265168	
-6.26614e-05	-6.21292e-05	-0.000136509	-0.00032677	0.00115201	-0.000362228	-0.000155105	
-2.78306e-05	-0.000100801	-6.23816e-05	-0.000163285	-0.000362228	0.000912132	-0.000144911	
-0.0082942	-0.00132686	-0.000320723	-0.000265168	-0.000155105	-0.000144911	0.0105118	
