0.0107443	-0.00107433	-0.000151803	-0.000185419	-8.00132e-05	-2.49386e-05	-0.00915988	
-0.00107433	0.00310386	-0.000444044	-0.000166731	-7.099e-05	-7.80579e-05	-0.00126399	
-0.000151803	-0.000444044	0.00151033	-0.000346609	-0.00013272	-9.58868e-05	-0.000313275	
-0.000185419	-0.000166731	-0.000346609	0.00148126	-0.000392549	-0.000120333	-0.000200952	
-8.00132e-05	-7.099e-05	-0.00013272	-0.000392549	0.00132934	-0.000413131	-0.000177473	
-2.49386e-05	-7.80579e-05	-9.58868e-05	-0.000120333	-0.000413131	0.000916737	-0.000175111	
-0.00915988	-0.00126399	-0.000313275	-0.000200952	-0.000177473	-0.000175111	0.0113953	
