0.00891268	-0.000802438	-0.000130286	-0.000106231	-1.18898e-05	-5.38973e-05	-0.00774712	
-0.000802438	0.00263946	-0.000363637	-7.6786e-05	-6.08826e-05	-7.24687e-05	-0.00125648	
-0.000130286	-0.000363637	0.00120334	-0.000272174	-0.000104365	-6.1984e-05	-0.000266479	
-0.000106231	-7.6786e-05	-0.000272174	0.0010852	-0.000318652	-9.6522e-05	-0.000194927	
-1.18898e-05	-6.08826e-05	-0.000104365	-0.000318652	0.000973157	-0.000271981	-0.000193651	
-5.38973e-05	-7.24687e-05	-6.1984e-05	-9.6522e-05	-0.000271981	0.000702682	-0.000127392	
-0.00774712	-0.00125648	-0.000266479	-0.000194927	-0.000193651	-0.000127392	0.0099544	
