0.00951134	-0.000837486	-0.000150796	-6.99002e-05	-3.07316e-05	-3.7056e-05	-0.00824984	
-0.000837486	0.00288811	-0.000414451	-8.03133e-05	-7.38016e-05	-8.92063e-05	-0.00137935	
-0.000150796	-0.000414451	0.00136354	-0.000269024	-0.000109992	-7.46115e-05	-0.00029959	
-6.99002e-05	-8.03133e-05	-0.000269024	0.00108678	-0.000292924	-0.000142955	-0.000231743	
-3.07316e-05	-7.38016e-05	-0.000109992	-0.000292924	0.00102922	-0.000308914	-0.000174998	
-3.7056e-05	-8.92063e-05	-7.46115e-05	-0.000142955	-0.000308914	0.000807363	-0.000137064	
-0.00824984	-0.00137935	-0.00029959	-0.000231743	-0.000174998	-0.000137064	0.0105293	
