0.0090083	-0.000907216	-8.03988e-05	-8.81466e-05	-8.80445e-05	-4.85261e-05	-0.00772485	
-0.000907216	0.00258368	-0.000358187	-0.000110047	-6.78636e-05	-6.49636e-05	-0.00107409	
-8.03988e-05	-0.000358187	0.00134604	-0.000292334	-0.000125592	-7.34835e-05	-0.000368963	
-8.81466e-05	-0.000110047	-0.000292334	0.00122692	-0.000312986	-0.000163794	-0.000227153	
-8.80445e-05	-6.78636e-05	-0.000125592	-0.000312986	0.00120371	-0.000377295	-0.000154806	
-4.85261e-05	-6.49636e-05	-7.34835e-05	-0.000163794	-0.000377295	0.000882152	-0.000122101	
-0.00772485	-0.00107409	-0.000368963	-0.000227153	-0.000154806	-0.000122101	0.0097184	
